      0/14        0G    0.1039   0.02639         0    0.1303        17       640   0.01528    0.1095  0.006221 0.0009369   0.08189   0.01776         0
      1/14        0G   0.07536   0.02663         0     0.102        19       640    0.2483    0.2186     0.156   0.03145   0.06448   0.01606         0
      2/14        0G   0.06052    0.0228         0   0.08332        16       640     0.475    0.4866    0.4199    0.1304   0.04969   0.01294         0
      3/14        0G   0.05301   0.02016         0   0.07316        11       640    0.5822    0.5154    0.5495    0.1739   0.04891   0.01189         0
      4/14        0G   0.05012   0.01923         0   0.06935        16       640    0.7112    0.5353    0.6052    0.2143   0.04824   0.01148         0
      5/14        0G   0.04836   0.01734         0   0.06571        11       640    0.6092    0.4745    0.4554     0.179   0.04673   0.01138         0
      6/14        0G   0.04605   0.01719         0   0.06325        14       640    0.6996    0.6107    0.6368    0.2632   0.04688   0.01064         0
      7/14        0G   0.04238   0.01715         0   0.05953        11       640    0.6971    0.6107    0.6615    0.2828   0.04338   0.01024         0
      8/14        0G   0.04298    0.0156         0   0.05858        17       640    0.7782    0.5635    0.6546    0.2716   0.04192   0.01023         0
      9/14        0G   0.03981   0.01616         0   0.05597        14       640     0.812    0.5693     0.668    0.2867   0.04171   0.01008         0
     10/14        0G   0.03875   0.01611         0   0.05486        15       640    0.7818    0.6472    0.7096     0.325   0.03958  0.009861         0
     11/14        0G   0.03657   0.01576         0   0.05233        13       640    0.8293    0.5693    0.6796    0.2867    0.0414    0.0101         0
     12/14        0G   0.03556   0.01555         0   0.05111        15       640    0.8292    0.5596    0.6448     0.305   0.04062   0.01027         0
     13/14        0G   0.03464   0.01521         0   0.04985        15       640    0.7907    0.6472    0.7185    0.3222   0.03932  0.009985         0
     14/14        0G   0.03484   0.01517         0      0.05        17       640    0.7844    0.6253    0.6663    0.2943   0.04161  0.009957         0
